1.033593750000000000e+04 -8.784497470945035502e+01
1.033593750000000000e+04 -8.933122161799471428e+01
1.102500000000000000e+04 -8.830750781401960126e+01
9.819140625000000000e+03 -8.641867575715723149e+01
1.050820312500000000e+04 -9.185740441746155227e+01
1.085273437500000000e+04 -8.516280325788848415e+01
1.016367187500000000e+04 -8.409022127373566491e+01
9.130078125000000000e+03 -9.027747429644989552e+01
1.085273437500000000e+04 -8.628898698887981311e+01
1.085273437500000000e+04 -8.757074152863205541e+01
8.957812500000000000e+03 -8.940058116695905710e+01
1.050820312500000000e+04 -8.568520668783514793e+01
1.085273437500000000e+04 -8.950677874197396022e+01
1.102500000000000000e+04 -8.380895818487948645e+01
9.646875000000000000e+03 -9.049709779856110003e+01
9.130078125000000000e+03 -8.535227621204992943e+01
9.474609375000000000e+03 -8.610351444650406449e+01
1.068046875000000000e+04 -8.444268389673597142e+01
1.722656250000000000e+02 -7.260224251350564373e+01
0.000000000000000000e+00 -6.742329401496778019e+01
0.000000000000000000e+00 -5.408214273829626961e+01
3.445312500000000000e+03 -4.085811132643630117e+01
3.445312500000000000e+02 -2.715559007529665081e+01
5.167968750000000000e+02 -2.317616730398851388e+01
5.167968750000000000e+02 -2.222914134519898965e+01
5.167968750000000000e+02 -1.933383325210284909e+01
5.167968750000000000e+02 -1.896208159285450634e+01
5.167968750000000000e+02 -1.774988540782298685e+01
5.167968750000000000e+02 -1.748417030743869915e+01
5.167968750000000000e+02 -1.695786142539477481e+01
5.167968750000000000e+02 -1.732463642668644255e+01
5.167968750000000000e+02 -2.009056718365687644e+01
5.167968750000000000e+02 -2.422980648637304668e+01
3.445312500000000000e+02 -2.917391980103882432e+01
3.445312500000000000e+02 -3.365569850377485750e+01
3.445312500000000000e+02 -5.012569853744188464e+01
3.445312500000000000e+02 -4.955495661205017655e+01
3.445312500000000000e+02 -4.264952540077308640e+01
3.445312500000000000e+02 -5.749294486396111381e+01
1.722656250000000000e+02 -5.250190428036187029e+01
3.445312500000000000e+02 -4.271753390474828649e+01
1.722656250000000000e+02 -3.958221908152889768e+01
1.722656250000000000e+02 -4.270704895678755264e+01
1.722656250000000000e+02 -4.704338720504534166e+01
1.550390625000000000e+03 -5.271572109790273686e+01
1.378125000000000000e+03 -3.802601887646505929e+01
1.205859375000000000e+03 -4.256519321829927094e+01
3.445312500000000000e+02 -2.646752905971879244e+01
5.167968750000000000e+02 -1.938261740642732889e+01
5.167968750000000000e+02 -1.854630644938991324e+01
5.167968750000000000e+02 -1.871566629565684181e+01
3.445312500000000000e+02 -1.981273484887631042e+01
5.167968750000000000e+02 -2.552092446426215133e+01
4.478906250000000000e+03 -3.142196046197516779e+01
9.302343750000000000e+03 -2.785146613123968251e+01
5.340234375000000000e+03 -2.839993198914514849e+01
9.130078125000000000e+03 -2.606798422400581572e+01
6.201562500000000000e+03 -2.780675112334257548e+01
7.751953125000000000e+03 -2.825503322131286765e+01
8.268750000000000000e+03 -2.662353024957153025e+01
7.407421875000000000e+03 -2.200263747191426589e+01
6.718359375000000000e+03 -2.095121769925038535e+01
7.924218750000000000e+03 -2.195466349577270648e+01
6.373828125000000000e+03 -2.045946466678323006e+01
5.512500000000000000e+03 -2.569755335081556069e+01
6.546093750000000000e+03 -2.668130731533711142e+01
4.306640625000000000e+03 -4.010097760796139710e+01
3.445312500000000000e+02 -2.505102200582539851e+01
5.167968750000000000e+02 -2.216056891692630515e+01
5.167968750000000000e+02 -2.214771334868320096e+01
3.445312500000000000e+02 -2.310958318926559940e+01
5.167968750000000000e+02 -2.819088025611193160e+01
5.167968750000000000e+02 -3.503624959430395336e+01
6.201562500000000000e+03 -3.093401267410042976e+01
6.546093750000000000e+03 -3.441897172050497034e+01
7.751953125000000000e+03 -2.455880122943406718e+01
7.751953125000000000e+03 -2.512478662867033918e+01
6.201562500000000000e+03 -1.891459094349809078e+01
7.924218750000000000e+03 -1.995640480000159300e+01
6.718359375000000000e+03 -2.193561717589097881e+01
7.751953125000000000e+03 -1.994622119370469093e+01
8.096484375000000000e+03 -1.741708517259548472e+01
7.407421875000000000e+03 -1.696709974872395676e+01
8.268750000000000000e+03 -1.711188250764540797e+01
7.924218750000000000e+03 -1.406007055720581000e+01
8.096484375000000000e+03 -1.146052264842848345e+01
7.924218750000000000e+03 -1.432900407534489773e+01
1.033593750000000000e+04 -1.849794366380645627e+01
7.751953125000000000e+03 -1.777851140707877775e+01
7.924218750000000000e+03 -1.760268245159098299e+01
8.096484375000000000e+03 -2.185798261957803490e+01
1.033593750000000000e+04 -2.243341414854592486e+01
7.924218750000000000e+03 -1.948840876249823850e+01
7.924218750000000000e+03 -1.495270355316847422e+01
8.096484375000000000e+03 -1.489210547190550926e+01
6.201562500000000000e+03 -2.474359788245812908e+01
7.579687500000000000e+03 -2.862843554631918153e+01
6.546093750000000000e+03 -3.421733134277858568e+01
1.722656250000000000e+03 -3.868425790371429684e+01
1.205859375000000000e+03 -4.472410870353304091e+01
1.722656250000000000e+02 -3.917702520916763120e+01
3.445312500000000000e+02 -2.309689582343542824e+01
8.613281250000000000e+02 -2.505378666618434380e+01
1.033593750000000000e+03 -2.169404657641813827e+01
1.205859375000000000e+03 -2.308413191281116994e+01
1.033593750000000000e+03 -2.128061691894032847e+01
1.205859375000000000e+03 -2.150628044534521166e+01
1.550390625000000000e+03 -2.336789726625980634e+01
1.550390625000000000e+03 -2.232911557403749114e+01
1.722656250000000000e+03 -2.264919037229210730e+01
1.550390625000000000e+03 -2.094247754958897900e+01
1.722656250000000000e+03 -2.144305075628165724e+01
5.167968750000000000e+02 -2.393788817856151496e+01
1.722656250000000000e+02 -2.756963455502756588e+01
3.445312500000000000e+02 -2.144064870796099953e+01
3.445312500000000000e+02 -2.193197969557180471e+01
1.722656250000000000e+02 -2.332157611627319937e+01
3.445312500000000000e+02 -2.256819535024430223e+01
1.722656250000000000e+02 -2.434561687239854422e+01
3.445312500000000000e+02 -2.348143208694221329e+01
1.722656250000000000e+02 -2.530548129051020112e+01
3.445312500000000000e+02 -2.457867691805484256e+01
1.722656250000000000e+02 -2.521727653093524779e+01
5.167968750000000000e+02 -2.424253661800408111e+01
5.167968750000000000e+02 -2.556676980767157659e+01
5.167968750000000000e+02 -2.513801442145788201e+01
5.167968750000000000e+02 -2.547158429061668983e+01
5.167968750000000000e+02 -2.540303970620735186e+01
3.445312500000000000e+02 -2.413489340150670159e+01
5.167968750000000000e+02 -2.579429101434591587e+01
5.167968750000000000e+02 -2.465535993525722347e+01
5.167968750000000000e+02 -2.537988343984482498e+01
5.167968750000000000e+02 -2.621037334853322776e+01
3.445312500000000000e+02 -2.461073140864484898e+01
3.445312500000000000e+02 -2.628903444090503427e+01
5.167968750000000000e+02 -2.902273137572286643e+01
3.445312500000000000e+02 -2.787307033040312376e+01
3.445312500000000000e+02 -2.875214572163154259e+01
1.722656250000000000e+02 -3.974478920637575641e+01
1.722656250000000000e+02 -4.121209576398427998e+01
1.722656250000000000e+02 -4.342586817408923139e+01
3.445312500000000000e+02 -5.572379144031540932e+01
0.000000000000000000e+00 -5.635658751751687845e+01
0.000000000000000000e+00 -5.673921456073592395e+01
4.306640625000000000e+03 -7.153989696476142512e+01
4.651171875000000000e+03 -5.002388090293463563e+01
2.239453125000000000e+03 -3.521957992552000860e+01
5.512500000000000000e+03 -3.057340058256958315e+01
5.340234375000000000e+03 -3.157981852578335946e+01
2.067187500000000000e+03 -4.286674822215326230e+01
5.167968750000000000e+02 -2.480972439245423899e+01
5.167968750000000000e+02 -2.404671961146174297e+01
6.890625000000000000e+02 -2.652691994380453622e+01
6.890625000000000000e+02 -2.366042249390100238e+01
5.167968750000000000e+02 -2.297576127032094462e+01
6.890625000000000000e+02 -2.487559067968082260e+01
6.890625000000000000e+02 -2.999194339718714630e+01
6.890625000000000000e+02 -2.856974077425694958e+01
5.167968750000000000e+02 -3.020349470040529383e+01
5.167968750000000000e+02 -2.761203515848809786e+01
5.167968750000000000e+02 -2.631193840719863886e+01
5.167968750000000000e+02 -2.803023657998848250e+01
6.890625000000000000e+02 -2.873312240646705007e+01
6.890625000000000000e+02 -2.936105081871264488e+01
6.890625000000000000e+02 -3.057021548046292025e+01
5.167968750000000000e+02 -2.935200856128162883e+01
5.167968750000000000e+02 -2.711608367672920394e+01
5.167968750000000000e+02 -2.822980797827478128e+01
5.167968750000000000e+02 -2.923716401531205733e+01
3.445312500000000000e+02 -3.098425892355045974e+01
3.445312500000000000e+02 -2.892032211442326428e+01
3.445312500000000000e+02 -2.719604865815524164e+01
3.445312500000000000e+02 -2.707719265620858806e+01
5.167968750000000000e+02 -2.752577891864786608e+01
3.445312500000000000e+02 -2.960960754660172611e+01
3.445312500000000000e+02 -2.908943658347691041e+01
3.445312500000000000e+02 -2.711141471673744618e+01
3.445312500000000000e+02 -2.670954932835838491e+01
3.445312500000000000e+02 -2.600559659911974819e+01
5.167968750000000000e+02 -2.712502687611417329e+01
3.445312500000000000e+02 -2.946999499034030023e+01
3.445312500000000000e+02 -2.753462555220678354e+01
3.445312500000000000e+02 -2.996527059885996991e+01
3.445312500000000000e+02 -3.121730315190144012e+01
3.445312500000000000e+02 -3.095771318047404819e+01
3.445312500000000000e+02 -3.178672254712850531e+01
1.722656250000000000e+02 -3.432017191112268506e+01
1.722656250000000000e+02 -3.442930941389452926e+01
3.445312500000000000e+02 -3.171740504491065948e+01
3.445312500000000000e+02 -2.964205342283408839e+01
1.722656250000000000e+02 -3.214480884086653134e+01
1.722656250000000000e+02 -3.445002625774499450e+01
5.167968750000000000e+02 -3.130121615544291558e+01
3.445312500000000000e+02 -2.544694984766397994e+01
5.167968750000000000e+02 -2.267785345976842137e+01
5.167968750000000000e+02 -2.359620865035117276e+01
3.445312500000000000e+02 -2.234591648478216896e+01
3.445312500000000000e+02 -2.354925955717031982e+01
5.167968750000000000e+02 -2.743738040891775753e+01
1.722656250000000000e+02 -3.737133150429622219e+01
1.722656250000000000e+02 -4.451815988853392980e+01
1.722656250000000000e+02 -5.432454543063912666e+01
1.722656250000000000e+02 -6.039903117120013576e+01
3.617578125000000000e+03 -4.048458822395527079e+01
3.445312500000000000e+03 -5.373691825480433693e+01
1.722656250000000000e+02 -6.171667724720086312e+01
0.000000000000000000e+00 -5.595030489257177209e+01
1.722656250000000000e+02 -6.554577391438250800e+01
3.273046875000000000e+03 -3.504568902939573860e+01
3.617578125000000000e+03 -3.410579923963096149e+01
3.445312500000000000e+03 -2.620499081478720171e+01
3.445312500000000000e+03 -2.002469320905797900e+01
3.273046875000000000e+03 -1.895032140326331671e+01
3.273046875000000000e+03 -1.859504149497255909e+01
3.273046875000000000e+03 -1.702819613893267103e+01
3.100781250000000000e+03 -1.693064300809316336e+01
3.445312500000000000e+03 -2.084901849473842717e+01
3.100781250000000000e+03 -1.359536362072538651e+01
3.445312500000000000e+03 -1.266143821135234937e+01
2.928515625000000000e+03 -1.972910551294151560e+01
4.306640625000000000e+03 -2.037626537754316303e+01
3.100781250000000000e+03 -2.182144542411518984e+01
3.100781250000000000e+03 -1.965740822295803625e+01
3.100781250000000000e+03 -2.765432047189500508e+01
2.756250000000000000e+03 -2.713576948678401024e+01
3.100781250000000000e+03 -3.497681917125383677e+01
2.411718750000000000e+03 -2.465846055252236368e+01
2.583984375000000000e+03 -3.791345702891286606e+01
3.445312500000000000e+02 -3.237032190596205794e+01
3.445312500000000000e+02 -2.162645404834420049e+01
5.167968750000000000e+02 -1.872083526783302787e+01
5.167968750000000000e+02 -1.737403998780092351e+01
5.167968750000000000e+02 -1.801587921739233167e+01
5.167968750000000000e+02 -1.739680944340505775e+01
5.167968750000000000e+02 -1.811866206000176760e+01
5.167968750000000000e+02 -1.800013703902250484e+01
5.167968750000000000e+02 -1.878516875742398540e+01
5.167968750000000000e+02 -1.914644606623323142e+01
5.167968750000000000e+02 -2.052542086759034135e+01
5.167968750000000000e+02 -2.118368875309254662e+01
5.167968750000000000e+02 -2.271166168610875147e+01
5.167968750000000000e+02 -2.445972848249297016e+01
5.167968750000000000e+02 -2.769565064042080493e+01
1.722656250000000000e+02 -3.120040120200943790e+01
1.550390625000000000e+03 -3.546465868165235236e+01
3.445312500000000000e+02 -3.793661036933427511e+01
3.445312500000000000e+02 -4.903543582655981936e+01
3.445312500000000000e+03 -4.447288755060402110e+01
1.722656250000000000e+03 -3.576786504872734440e+01
1.722656250000000000e+03 -3.321302573359853483e+01
2.411718750000000000e+03 -3.252226748396132905e+01
1.722656250000000000e+03 -3.659475280071094971e+01
1.550390625000000000e+03 -3.523620554312843467e+01
1.722656250000000000e+03 -3.776814817274259184e+01
1.550390625000000000e+03 -3.260091735158086124e+01
1.722656250000000000e+02 -3.573443253646462381e+01
3.445312500000000000e+02 -2.244855504657454759e+01
5.167968750000000000e+02 -2.829698847363247083e+01
5.167968750000000000e+02 -2.826553274474349564e+01
3.445312500000000000e+02 -2.638924159255186197e+01
5.167968750000000000e+02 -2.955047448595114901e+01
3.445312500000000000e+02 -2.662988002691574962e+01
1.722656250000000000e+02 -2.902764140547647642e+01
1.722656250000000000e+02 -3.035098414876210171e+01
3.445312500000000000e+02 -2.807606186919724678e+01
1.722656250000000000e+02 -3.071555343583044362e+01
1.722656250000000000e+02 -3.086074368983966920e+01
3.445312500000000000e+02 -2.852499159619600988e+01
1.722656250000000000e+02 -3.140253401432174485e+01
1.722656250000000000e+02 -3.159617262402278115e+01
3.445312500000000000e+02 -2.867187384977747300e+01
1.722656250000000000e+02 -3.059224534285474562e+01
5.167968750000000000e+02 -2.308513769855976250e+01
5.167968750000000000e+02 -2.059721776408034444e+01
5.167968750000000000e+02 -2.091111293253368331e+01
5.167968750000000000e+02 -2.077440251536221183e+01
5.167968750000000000e+02 -2.180448807771044528e+01
5.167968750000000000e+02 -2.864455514457966245e+01
1.722656250000000000e+02 -3.869766951054295134e+01
1.722656250000000000e+02 -4.036344341439892958e+01
1.722656250000000000e+02 -4.302862709315070333e+01
1.722656250000000000e+02 -5.790316775668325988e+01
1.722656250000000000e+02 -5.097831755482022942e+01
5.167968750000000000e+02 -4.979848822298065869e+01
3.445312500000000000e+02 -4.530829795209371014e+01
5.167968750000000000e+02 -6.020582070392102736e+01
6.890625000000000000e+03 -5.448301164282941755e+01
2.239453125000000000e+03 -2.193056957641348248e+01
2.411718750000000000e+03 -2.519284122040599172e+01
3.445312500000000000e+02 -2.829631360149680219e+01
5.167968750000000000e+02 -2.430290815517572156e+01
3.445312500000000000e+02 -2.344621312428712656e+01
5.167968750000000000e+02 -2.366854948136106174e+01
5.167968750000000000e+02 -2.417279334944090508e+01
6.890625000000000000e+02 -2.467664358953307158e+01
6.890625000000000000e+02 -2.303319622927962484e+01
6.890625000000000000e+02 -2.191573004140591863e+01
5.167968750000000000e+02 -2.131763266759348241e+01
6.890625000000000000e+02 -2.361653863968678380e+01
6.890625000000000000e+02 -2.760424712344958920e+01
3.445312500000000000e+02 -2.765653430149196268e+01
3.445312500000000000e+02 -2.679134333336815743e+01
3.445312500000000000e+02 -2.720242098951901610e+01
5.167968750000000000e+02 -2.790955739402326330e+01
3.445312500000000000e+02 -2.969816867673820582e+01
3.445312500000000000e+02 -2.744483753798994741e+01
3.445312500000000000e+02 -2.533229695908710610e+01
3.445312500000000000e+02 -2.477036035596888652e+01
3.445312500000000000e+02 -2.539344774245293479e+01
3.445312500000000000e+02 -2.616490306157947643e+01
3.445312500000000000e+02 -2.557893559685354745e+01
3.445312500000000000e+02 -2.395073468958981877e+01
3.445312500000000000e+02 -2.449679766387505708e+01
3.445312500000000000e+02 -2.915404830305258344e+01
5.167968750000000000e+02 -3.022554577281179888e+01
3.445312500000000000e+02 -2.825865362753588883e+01
3.445312500000000000e+02 -2.747777016188662458e+01
3.445312500000000000e+02 -3.104985796655787667e+01
1.722656250000000000e+02 -3.368010504591358512e+01
1.722656250000000000e+02 -3.301113414047901529e+01
3.445312500000000000e+02 -3.169562414394408023e+01
1.722656250000000000e+02 -3.356424983899646008e+01
1.722656250000000000e+02 -3.955328349588971548e+01
3.445312500000000000e+02 -4.872124286396349646e+01
3.445312500000000000e+02 -4.952093049977244021e+01
0.000000000000000000e+00 -6.166737652564065542e+01
1.722656250000000000e+02 -6.397554611231564081e+01
0.000000000000000000e+00 -5.511249113840631253e+01
0.000000000000000000e+00 -6.571289256944490376e+01
3.617578125000000000e+03 -3.230369652084626608e+01
3.617578125000000000e+03 -2.458356366229270762e+01
4.306640625000000000e+03 -2.387357527835130000e+01
4.651171875000000000e+03 -2.725953461645121934e+01
4.306640625000000000e+03 -2.653530164204497055e+01
4.823437500000000000e+03 -2.760997892955889199e+01
6.718359375000000000e+03 -3.263696644936555202e+01
5.340234375000000000e+03 -3.510314807205105581e+01
6.546093750000000000e+03 -4.459541312327552731e+01
6.201562500000000000e+03 -4.796028501618457085e+01
4.823437500000000000e+03 -5.523911874162165248e+01
4.306640625000000000e+03 -5.479363270885030346e+01
0.000000000000000000e+00 -5.045423523768072727e+01
0.000000000000000000e+00 -5.349855539284830286e+01
8.957812500000000000e+03 -5.859056411817572041e+01
4.823437500000000000e+03 -5.169131244873318565e+01
4.306640625000000000e+03 -5.182789026764397988e+01
4.651171875000000000e+03 -5.009498770827225655e+01
5.167968750000000000e+02 -4.244823838372080615e+01
5.167968750000000000e+02 -4.326147344039817000e+01
1.722656250000000000e+02 -3.214873543153795765e+01
5.167968750000000000e+02 -2.582831100047172157e+01
3.445312500000000000e+02 -3.184245784334726892e+01
3.445312500000000000e+02 -4.100223597673040388e+01
1.722656250000000000e+02 -5.225865374180018819e+01
0.000000000000000000e+00 -5.563687100621329762e+01
0.000000000000000000e+00 -6.267907959609121349e+01
0.000000000000000000e+00 -5.934643756455068342e+01
0.000000000000000000e+00 -5.622137452733966967e+01
0.000000000000000000e+00 -5.970747734232057269e+01
0.000000000000000000e+00 -5.310531113867021702e+01
0.000000000000000000e+00 -5.482715876148989764e+01
1.722656250000000000e+02 -7.183839578410110960e+01
0.000000000000000000e+00 -6.373204683389548109e+01
0.000000000000000000e+00 -6.094498308037023548e+01
0.000000000000000000e+00 -6.437398086583922918e+01
1.722656250000000000e+02 -6.079912017953527936e+01
0.000000000000000000e+00 -3.697747911044855584e+01
0.000000000000000000e+00 -3.766878267727544483e+01
1.205859375000000000e+03 -3.971610898279118373e+01
3.617578125000000000e+03 -3.668226868989356859e+01
3.100781250000000000e+03 -3.296884792152287957e+01
1.033593750000000000e+03 -3.557855863338580349e+01
1.205859375000000000e+03 -3.387616061176454707e+01
3.617578125000000000e+03 -3.025147603316386125e+01
3.617578125000000000e+03 -2.962538651285645130e+01
8.613281250000000000e+02 -3.623580626691934015e+01
1.205859375000000000e+03 -3.619214738141589294e+01
1.033593750000000000e+03 -3.227130442545283273e+01
1.722656250000000000e+02 -3.136710516830230944e+01
1.033593750000000000e+03 -2.292899012217436905e+01
1.205859375000000000e+03 -2.279189051027531221e+01
1.205859375000000000e+03 -2.162411882088363413e+01
1.033593750000000000e+03 -2.194690881970978324e+01
1.205859375000000000e+03 -2.711786094625019672e+01
8.613281250000000000e+02 -2.403964946373201883e+01
1.033593750000000000e+03 -2.271647662079393371e+01
1.205859375000000000e+03 -2.599470855382101320e+01
8.613281250000000000e+02 -2.542234373238624201e+01
8.613281250000000000e+02 -2.189698347937424572e+01
8.613281250000000000e+02 -2.395937632326718614e+01
1.033593750000000000e+03 -2.876264252909702535e+01
5.167968750000000000e+02 -3.350807000937743396e+01
5.167968750000000000e+02 -2.978180130497991129e+01
8.613281250000000000e+02 -2.807368383888918117e+01
1.033593750000000000e+03 -2.621489913202384869e+01
1.033593750000000000e+03 -2.816797235712465763e+01
1.033593750000000000e+03 -2.949917096706777642e+01
1.033593750000000000e+03 -3.191611682191661359e+01
1.033593750000000000e+03 -3.492496299574235508e+01
1.033593750000000000e+03 -3.677775245469877063e+01
8.613281250000000000e+02 -3.388405710199527476e+01
1.033593750000000000e+03 -3.471331004698406986e+01
1.033593750000000000e+03 -2.930473284012500201e+01
8.613281250000000000e+02 -3.962682791746890132e+01
1.205859375000000000e+03 -3.752796523395078054e+01
1.033593750000000000e+03 -4.609151836301430194e+01
1.033593750000000000e+03 -4.569743526371271969e+01
1.205859375000000000e+03 -3.475723913064251036e+01
1.205859375000000000e+03 -4.584585251495644798e+01
1.033593750000000000e+03 -4.854987017512453917e+01
1.722656250000000000e+02 -4.973508216455360298e+01
1.205859375000000000e+03 -2.772374148580188091e+01
6.890625000000000000e+02 -4.473265634884377562e+01
1.033593750000000000e+03 -5.497882271052656478e+01
1.550390625000000000e+03 -5.699971996069994162e+01
1.205859375000000000e+03 -5.059196783106138895e+01
0.000000000000000000e+00 -5.694021618070124902e+01
0.000000000000000000e+00 -5.143134019344532248e+01
1.378125000000000000e+03 -6.074146716924789757e+01
1.722656250000000000e+02 -6.726261609938889308e+01
0.000000000000000000e+00 -5.575842341758766452e+01
1.722656250000000000e+02 -7.067650082128091071e+01
0.000000000000000000e+00 -5.892381557191421848e+01
4.995703125000000000e+03 -7.578945487429352568e+01
1.722656250000000000e+02 -7.046783006083599332e+01
0.000000000000000000e+00 -6.251955595138498722e+01
1.722656250000000000e+02 -6.699141196062481640e+01
0.000000000000000000e+00 -6.593772088821769728e+01
0.000000000000000000e+00 -5.842144957497090019e+01
0.000000000000000000e+00 -5.376114231685426148e+01
1.722656250000000000e+03 -3.122465211217576098e+01
1.894921875000000000e+03 -3.892942766068950533e+01
4.651171875000000000e+03 -4.184649473850276991e+01
1.722656250000000000e+03 -5.147818463237199893e+01
4.306640625000000000e+03 -4.798258367600494978e+01
4.651171875000000000e+03 -4.554217711246809586e+01
2.583984375000000000e+03 -5.322381759366927412e+01
1.550390625000000000e+03 -4.652812584843378829e+01
1.378125000000000000e+03 -4.342756603408228955e+01
0.000000000000000000e+00 -4.728006370714653173e+01
5.167968750000000000e+02 -4.691409314997582669e+01
2.411718750000000000e+03 -5.297293023776374810e+01
3.617578125000000000e+03 -5.149083444855974534e+01
0.000000000000000000e+00 -5.204278909380345652e+01
5.167968750000000000e+02 -5.686157997306585798e+01
0.000000000000000000e+00 -6.012168812475640323e+01
0.000000000000000000e+00 -5.465215188782293865e+01
2.411718750000000000e+03 -5.751339815828242052e+01
3.445312500000000000e+02 -6.086518279738083237e+01
3.445312500000000000e+02 -6.251038892603904173e+01
3.445312500000000000e+02 -6.314032685852176030e+01
2.411718750000000000e+03 -5.878758841755075792e+01
2.411718750000000000e+03 -5.845526178287306607e+01
0.000000000000000000e+00 -6.258068253860122354e+01
2.411718750000000000e+03 -5.866732270397204729e+01
0.000000000000000000e+00 -6.031137669407949886e+01
2.411718750000000000e+03 -5.684814670421972238e+01
3.445312500000000000e+02 -6.313624738903275357e+01
3.445312500000000000e+02 -6.128046912466474794e+01
2.411718750000000000e+03 -6.523060266534507434e+01
0.000000000000000000e+00 -6.168426318153674259e+01
0.000000000000000000e+00 -5.031236477860521461e+01
0.000000000000000000e+00 -5.263268788658540132e+01
